levels[1][0]=new Array;

levels[1][0][0]='5,3,3,3,3,3,3,3,3,3,3,3,3,3,3,3,3,3,6'.split(",");
levels[1][0][1]='4,2,1,1,1,1,1,1,1,2,1,1,1,1,1,1,1,1,4'.split(",");
levels[1][0][2]='4,1,0,0,0,0,0,0,1,0,1,0,0,0,0,0,0,1,4'.split(",");
levels[1][0][3]='4,0,0,0,0,0,0,0,1,0,1,0,0,0,0,0,0,0,4'.split(",");
levels[1][0][4]='4,0,0,0,0,0,0,0,1,0,1,0,0,0,0,0,0,0,4'.split(",");
levels[1][0][5]='4,0,0,0,0,0,0,0,1,0,1,0,0,0,0,0,0,0,4'.split(",");
levels[1][0][6]='4,0,0,0,0,0,0,0,1,0,1,0,0,0,0,0,0,0,4'.split(",");
levels[1][0][7]='4,0,0,0,0,0,0,0,1,0,1,0,0,0,0,0,0,0,4'.split(",");
levels[1][0][8]='4,0,0,0,0,0,0,0,1,0,1,0,0,0,0,0,0,0,4'.split(",");
levels[1][0][9]='4,0,0,0,0,0,0,0,1,0,1,0,0,0,0,0,0,0,4'.split(",");
levels[1][0][10]='4,1,0,0,0,0,0,0,1,0,1,0,0,0,0,0,0,1,4'.split(",");
levels[1][0][11]='4,1,1,0,0,0,0,0,1,2,1,0,0,0,0,0,1,2,4'.split(",");
levels[1][0][12]='8,3,3,3,3,3,3,3,3,3,3,3,3,3,3,3,3,3,7'.split(",");
levels[1][0][13]='9-6,17-7,13-11,15-9,17-9,17-11,15-11'.split(",");